# Source: Michon et al., Nat. Commun. 14, 3033 (2023), doi:10.1038/s41467-023-38762-5
# Open data: Yareta (University of Geneva), DOI 10.26037/yareta:zvtvqwmbl5emvd3bxr6sluurqi (CC-BY-4.0)
# Archive member: researchdata/for-yareta/experimental-data/Rho_LSCO-0p24_H0T.txt
# Fetched by scripts/fetch_michon2023.py; content below is verbatim.
#
# Resistivity of La(2-x)Sr(x)CuO(4) at x=0.24 and magnetic field H = 0 Tesla
#
# T (K)     rho_xx (microOhm cm) 
#
2.997421e+02	2.314193e+02
2.994497e+02	2.312812e+02
2.992004e+02	2.310702e+02
2.990065e+02	2.309421e+02
2.987846e+02	2.307604e+02
2.984784e+02	2.305153e+02
2.981974e+02	2.302906e+02
2.979962e+02	2.301238e+02
2.977841e+02	2.299136e+02
2.974886e+02	2.296435e+02
2.971936e+02	2.294270e+02
2.969849e+02	2.292295e+02
2.967946e+02	2.290721e+02
2.965941e+02	2.288981e+02
2.963984e+02	2.287187e+02
2.961971e+02	2.285434e+02
2.960065e+02	2.283827e+02
2.958075e+02	2.282242e+02
2.955909e+02	2.279992e+02
2.953930e+02	2.278576e+02
2.951989e+02	2.276481e+02
2.949986e+02	2.274902e+02
2.947863e+02	2.272976e+02
2.945895e+02	2.271340e+02
2.943940e+02	2.269679e+02
2.941877e+02	2.267424e+02
2.938869e+02	2.264882e+02
2.937063e+02	2.263167e+02
2.934712e+02	2.261175e+02
2.932061e+02	2.258895e+02
2.929982e+02	2.257091e+02
2.927978e+02	2.255262e+02
2.925998e+02	2.253488e+02
2.923929e+02	2.251659e+02
2.922017e+02	2.249988e+02
2.919995e+02	2.248179e+02
2.917962e+02	2.246273e+02
2.916035e+02	2.244556e+02
2.913880e+02	2.242536e+02
2.911918e+02	2.241086e+02
2.909839e+02	2.238938e+02
2.906957e+02	2.236309e+02
2.904868e+02	2.234574e+02
2.902995e+02	2.232974e+02
2.900782e+02	2.230982e+02
2.897932e+02	2.228404e+02
2.895845e+02	2.226524e+02
2.892818e+02	2.224116e+02
2.890977e+02	2.222363e+02
2.889043e+02	2.220669e+02
2.886813e+02	2.218559e+02
2.883862e+02	2.216058e+02
2.881929e+02	2.214468e+02
2.880023e+02	2.212980e+02
2.877936e+02	2.210789e+02
2.876019e+02	2.209092e+02
2.873934e+02	2.207166e+02
2.871869e+02	2.205602e+02
2.868903e+02	2.203036e+02
2.866971e+02	2.201026e+02
2.864859e+02	2.199148e+02
2.862829e+02	2.197490e+02
2.859886e+02	2.194565e+02
2.857932e+02	2.193411e+02
2.855981e+02	2.191342e+02
2.853892e+02	2.189577e+02
2.851925e+02	2.187964e+02
2.849904e+02	2.185911e+02
2.847934e+02	2.184346e+02
2.845936e+02	2.182583e+02
2.843961e+02	2.180609e+02
2.842015e+02	2.179172e+02
2.839850e+02	2.177320e+02
2.836967e+02	2.174729e+02
2.834915e+02	2.172996e+02
2.832962e+02	2.171050e+02
2.831016e+02	2.169376e+02
2.828884e+02	2.167345e+02
2.826909e+02	2.165610e+02
2.824912e+02	2.163886e+02
2.822831e+02	2.162456e+02
2.819844e+02	2.159807e+02
2.817912e+02	2.157937e+02
2.815912e+02	2.156288e+02
2.814009e+02	2.154536e+02
2.812003e+02	2.152793e+02
2.809915e+02	2.150913e+02
2.807985e+02	2.149318e+02
2.805839e+02	2.147142e+02
2.802881e+02	2.144821e+02
2.799932e+02	2.142031e+02
2.797796e+02	2.140126e+02
2.794837e+02	2.137445e+02
2.792003e+02	2.135231e+02
2.789974e+02	2.133721e+02
2.787930e+02	2.131593e+02
2.786012e+02	2.129805e+02
2.783866e+02	2.128174e+02
2.781917e+02	2.126600e+02
2.779969e+02	2.124765e+02
2.778020e+02	2.122758e+02
2.775822e+02	2.121199e+02
2.772856e+02	2.118455e+02
2.770904e+02	2.116804e+02
2.768850e+02	2.114842e+02
2.766888e+02	2.113336e+02
2.764883e+02	2.111515e+02
2.762987e+02	2.109989e+02
2.761077e+02	2.108292e+02
2.758880e+02	2.106300e+02
2.756945e+02	2.104501e+02
2.754951e+02	2.102906e+02
2.752803e+02	2.101013e+02
2.749925e+02	2.098570e+02
2.747916e+02	2.096919e+02
2.745735e+02	2.095001e+02
2.742816e+02	2.092379e+02
2.739879e+02	2.090000e+02
2.737936e+02	2.087676e+02
2.735932e+02	2.086473e+02
2.733946e+02	2.084973e+02
2.732003e+02	2.082884e+02
2.729763e+02	2.080973e+02
2.727057e+02	2.078558e+02
2.724841e+02	2.076573e+02
2.722899e+02	2.074871e+02
2.720927e+02	2.073381e+02
2.718978e+02	2.071738e+02
2.716980e+02	2.069906e+02
2.714821e+02	2.068003e+02
2.712932e+02	2.066306e+02
2.710978e+02	2.064678e+02
2.708784e+02	2.062838e+02
2.706086e+02	2.060390e+02
2.703906e+02	2.058362e+02
2.701922e+02	2.056653e+02
2.699946e+02	2.054963e+02
2.697908e+02	2.053246e+02
2.695962e+02	2.051763e+02
2.693964e+02	2.049881e+02
2.691978e+02	2.048189e+02
2.690058e+02	2.046380e+02
2.687802e+02	2.044556e+02
2.684996e+02	2.042118e+02
2.682943e+02	2.040319e+02
2.680898e+02	2.038498e+02
2.678916e+02	2.036872e+02
2.676931e+02	2.034943e+02
2.674916e+02	2.033512e+02
2.672919e+02	2.031524e+02
2.670874e+02	2.029680e+02
2.668872e+02	2.028047e+02
2.666880e+02	2.026246e+02
2.664929e+02	2.024771e+02
2.662976e+02	2.023005e+02
2.660807e+02	2.020788e+02
2.658065e+02	2.018493e+02
2.655848e+02	2.016944e+02
2.652906e+02	2.014101e+02
2.650868e+02	2.012715e+02
2.647950e+02	2.010274e+02
2.645985e+02	2.008567e+02
2.643962e+02	2.006595e+02
2.641958e+02	2.004758e+02
2.640002e+02	2.003321e+02
2.637949e+02	2.001248e+02
2.635795e+02	1.999604e+02
2.632929e+02	1.996871e+02
2.630925e+02	1.995332e+02
2.628996e+02	1.993971e+02
2.626827e+02	1.991961e+02
2.623970e+02	1.989485e+02
2.621987e+02	1.987477e+02
2.619861e+02	1.986055e+02
2.617887e+02	1.984078e+02
2.615954e+02	1.982425e+02
2.613928e+02	1.980896e+02
2.612094e+02	1.979294e+02
2.609978e+02	1.977225e+02
2.607837e+02	1.975921e+02
2.604919e+02	1.973185e+02
2.602929e+02	1.971292e+02
2.600943e+02	1.969572e+02
2.598931e+02	1.967880e+02
2.597030e+02	1.966183e+02
2.594871e+02	1.964176e+02
2.592872e+02	1.962846e+02
2.590887e+02	1.960945e+02
2.588941e+02	1.958986e+02
2.586861e+02	1.957661e+02
2.583891e+02	1.954953e+02
2.581992e+02	1.953570e+02
2.579869e+02	1.951442e+02
2.576973e+02	1.949053e+02
2.574962e+02	1.947269e+02
2.572897e+02	1.945960e+02
2.570764e+02	1.943883e+02
2.567998e+02	1.941331e+02
2.565900e+02	1.939662e+02
2.563896e+02	1.938095e+02
2.561944e+02	1.936383e+02
2.559966e+02	1.934890e+02
2.557991e+02	1.932949e+02
2.555832e+02	1.931012e+02
2.552897e+02	1.928312e+02
2.550943e+02	1.926709e+02
2.548993e+02	1.925160e+02
2.546947e+02	1.923948e+02
2.544936e+02	1.922009e+02
2.543003e+02	1.920157e+02
2.540920e+02	1.918523e+02
2.538093e+02	1.915843e+02
2.535853e+02	1.914271e+02
2.533981e+02	1.912781e+02
2.531989e+02	1.911041e+02
2.529959e+02	1.908878e+02
2.527800e+02	1.907421e+02
2.524926e+02	1.904942e+02
2.522895e+02	1.903010e+02
2.520783e+02	1.901487e+02
2.518008e+02	1.899291e+02
2.515840e+02	1.897306e+02
2.512864e+02	1.894628e+02
2.510954e+02	1.893115e+02
2.508913e+02	1.891118e+02
2.506989e+02	1.889678e+02
2.504968e+02	1.888038e+02
2.503024e+02	1.886196e+02
2.500984e+02	1.884481e+02
2.498975e+02	1.883029e+02
2.496786e+02	1.881164e+02
2.493831e+02	1.878950e+02
2.491057e+02	1.876262e+02
2.488917e+02	1.874242e+02
2.486986e+02	1.872739e+02
2.484910e+02	1.871111e+02
2.482968e+02	1.869498e+02
2.480926e+02	1.867834e+02
2.478957e+02	1.866033e+02
2.476996e+02	1.864428e+02
2.475065e+02	1.862759e+02
2.473118e+02	1.860978e+02
2.470942e+02	1.859124e+02
2.468925e+02	1.857618e+02
2.467007e+02	1.856013e+02
2.464866e+02	1.854145e+02
2.462881e+02	1.852474e+02
2.460953e+02	1.850772e+02
2.458927e+02	1.849070e+02
2.456930e+02	1.847419e+02
2.454845e+02	1.845802e+02
2.452977e+02	1.844082e+02
2.450877e+02	1.842316e+02
2.448842e+02	1.840615e+02
2.446004e+02	1.838383e+02
2.444025e+02	1.836816e+02
2.441976e+02	1.835038e+02
2.440015e+02	1.833247e+02
2.437866e+02	1.831438e+02
2.435822e+02	1.829909e+02
2.433871e+02	1.828197e+02
2.430925e+02	1.825494e+02
2.428851e+02	1.824131e+02
2.426936e+02	1.822345e+02
2.424847e+02	1.820396e+02
2.422866e+02	1.818712e+02
2.420908e+02	1.817191e+02
2.418998e+02	1.815566e+02
2.416862e+02	1.813938e+02
2.414884e+02	1.812368e+02
2.412843e+02	1.810473e+02
2.409900e+02	1.807966e+02
2.407945e+02	1.806501e+02
2.405990e+02	1.804638e+02
2.403997e+02	1.803148e+02
2.401978e+02	1.801288e+02
2.399853e+02	1.799668e+02
2.397894e+02	1.797765e+02
2.395931e+02	1.796055e+02
2.393960e+02	1.794641e+02
2.392012e+02	1.792845e+02
2.389870e+02	1.791174e+02
2.387885e+02	1.789395e+02
2.385926e+02	1.787897e+02
2.383931e+02	1.786835e+02
2.381953e+02	1.784659e+02
2.379981e+02	1.782914e+02
2.378004e+02	1.781388e+02
2.375790e+02	1.779526e+02
2.373053e+02	1.777057e+02
2.370947e+02	1.775661e+02
2.368979e+02	1.773714e+02
2.367031e+02	1.772158e+02
2.364844e+02	1.770423e+02
2.361947e+02	1.768326e+02
2.359823e+02	1.766058e+02
2.356938e+02	1.763722e+02
2.354960e+02	1.762140e+02
2.353019e+02	1.760278e+02
2.351014e+02	1.759223e+02
2.348938e+02	1.757141e+02
2.346925e+02	1.755422e+02
2.344853e+02	1.753758e+02
2.342925e+02	1.752120e+02
2.340880e+02	1.750428e+02
2.337932e+02	1.748194e+02
2.335959e+02	1.746360e+02
2.334018e+02	1.744907e+02
2.331838e+02	1.743323e+02
2.328865e+02	1.740581e+02
2.326997e+02	1.738979e+02
2.324936e+02	1.737710e+02
2.322954e+02	1.735797e+02
2.320699e+02	1.733891e+02
2.318006e+02	1.731642e+02
2.315891e+02	1.729840e+02
2.313882e+02	1.728220e+02
2.311906e+02	1.726561e+02
2.310016e+02	1.724918e+02
2.307944e+02	1.723331e+02
2.305953e+02	1.721838e+02
2.303955e+02	1.720381e+02
2.302000e+02	1.718240e+02
2.299926e+02	1.716686e+02
2.297845e+02	1.714984e+02
2.295003e+02	1.712865e+02
2.292981e+02	1.711076e+02
2.290973e+02	1.709537e+02
2.288849e+02	1.707543e+02
2.286994e+02	1.706197e+02
2.284798e+02	1.704450e+02
2.282019e+02	1.702226e+02
2.279872e+02	1.700070e+02
2.277877e+02	1.698351e+02
2.274972e+02	1.696116e+02
2.273025e+02	1.694526e+02
2.270936e+02	1.692845e+02
2.268932e+02	1.691245e+02
2.266954e+02	1.689673e+02
2.264935e+02	1.687900e+02
2.262963e+02	1.686195e+02
2.261036e+02	1.684593e+02
2.258969e+02	1.682962e+02
2.257055e+02	1.681383e+02
2.254899e+02	1.680043e+02
2.252888e+02	1.677938e+02
2.250891e+02	1.676379e+02
2.248886e+02	1.674777e+02
2.246998e+02	1.673406e+02
2.244841e+02	1.671100e+02
2.242950e+02	1.669946e+02
2.240979e+02	1.668323e+02
2.238988e+02	1.666634e+02
2.236961e+02	1.664772e+02
2.234829e+02	1.663251e+02
2.232898e+02	1.661452e+02
2.230921e+02	1.660053e+02
2.228978e+02	1.658695e+02
2.226990e+02	1.656932e+02
2.224950e+02	1.655569e+02
2.222987e+02	1.653631e+02
2.220945e+02	1.651817e+02
2.218963e+02	1.650586e+02
2.216918e+02	1.648589e+02
2.214958e+02	1.647177e+02
2.212980e+02	1.645557e+02
2.210986e+02	1.643835e+02
2.208846e+02	1.642260e+02
2.206863e+02	1.640538e+02
2.205050e+02	1.639147e+02
2.202917e+02	1.637366e+02
2.200944e+02	1.635812e+02
2.198907e+02	1.633888e+02
2.197027e+02	1.632597e+02
2.194782e+02	1.630538e+02
2.191932e+02	1.628215e+02
2.189971e+02	1.626933e+02
2.187901e+02	1.625112e+02
2.185906e+02	1.623249e+02
2.183887e+02	1.621805e+02
2.181909e+02	1.620386e+02
2.179979e+02	1.618607e+02
2.178020e+02	1.616995e+02
2.175930e+02	1.615435e+02
2.173927e+02	1.613912e+02
2.171971e+02	1.612065e+02
2.169751e+02	1.610388e+02
2.166848e+02	1.607943e+02
2.163909e+02	1.605810e+02
2.162001e+02	1.604172e+02
2.159995e+02	1.602587e+02
2.157837e+02	1.600506e+02
2.154734e+02	1.598427e+02
2.151947e+02	1.595961e+02
2.150071e+02	1.594157e+02
2.147889e+02	1.592407e+02
2.146028e+02	1.591191e+02
2.143869e+02	1.589306e+02
2.141945e+02	1.587974e+02
2.139842e+02	1.585956e+02
2.136908e+02	1.583816e+02
2.134874e+02	1.582262e+02
2.133012e+02	1.580863e+02
2.130863e+02	1.579390e+02
2.128826e+02	1.577396e+02
2.125944e+02	1.575222e+02
2.123908e+02	1.573278e+02
2.121957e+02	1.571921e+02
2.120067e+02	1.570392e+02
2.117846e+02	1.568484e+02
2.114835e+02	1.566033e+02
2.111910e+02	1.563796e+02
2.109980e+02	1.562476e+02
2.107794e+02	1.560711e+02
2.105863e+02	1.559149e+02
2.103854e+02	1.557371e+02
2.100845e+02	1.555001e+02
2.098904e+02	1.553445e+02
2.096949e+02	1.551702e+02
2.095021e+02	1.550334e+02
2.092810e+02	1.548438e+02
2.089917e+02	1.546230e+02
2.087889e+02	1.544538e+02
2.085917e+02	1.542889e+02
2.083949e+02	1.541514e+02
2.081982e+02	1.539952e+02
2.079965e+02	1.537921e+02
2.077966e+02	1.536760e+02
2.075988e+02	1.535096e+02
2.073852e+02	1.533468e+02
2.071890e+02	1.532056e+02
2.069923e+02	1.530497e+02
2.067898e+02	1.528908e+02
2.065927e+02	1.527030e+02
2.063965e+02	1.525733e+02
2.062081e+02	1.524052e+02
2.060038e+02	1.522429e+02
2.057854e+02	1.520824e+02
2.055874e+02	1.519259e+02
2.053899e+02	1.517537e+02
2.051914e+02	1.516075e+02
2.049935e+02	1.514437e+02
2.047973e+02	1.512832e+02
2.045909e+02	1.511504e+02
2.043951e+02	1.509718e+02
2.041960e+02	1.508055e+02
2.039921e+02	1.506569e+02
2.037909e+02	1.504878e+02
2.035942e+02	1.503540e+02
2.033963e+02	1.501683e+02
2.031949e+02	1.500085e+02
2.030000e+02	1.498633e+02
2.027820e+02	1.496845e+02
2.024885e+02	1.494598e+02
2.022870e+02	1.492990e+02
2.020930e+02	1.491446e+02
2.019009e+02	1.490126e+02
2.016956e+02	1.488644e+02
2.014834e+02	1.486781e+02
2.011900e+02	1.484376e+02
2.009845e+02	1.482723e+02
2.006905e+02	1.480425e+02
2.005016e+02	1.478850e+02
2.003000e+02	1.477378e+02
2.000965e+02	1.475839e+02
1.998961e+02	1.474430e+02
1.996939e+02	1.472466e+02
1.995100e+02	1.471090e+02
1.992924e+02	1.469393e+02
1.990814e+02	1.467898e+02
1.988855e+02	1.466081e+02
1.986907e+02	1.464779e+02
1.984820e+02	1.463113e+02
1.981973e+02	1.460670e+02
1.979763e+02	1.458935e+02
1.976932e+02	1.456825e+02
1.975096e+02	1.455549e+02
1.972948e+02	1.453939e+02
1.970824e+02	1.452204e+02
1.967875e+02	1.449949e+02
1.965891e+02	1.448428e+02
1.963953e+02	1.446696e+02
1.961971e+02	1.445034e+02
1.959939e+02	1.443666e+02
1.957915e+02	1.442217e+02
1.955931e+02	1.440247e+02
1.953985e+02	1.438698e+02
1.952048e+02	1.437593e+02
1.949896e+02	1.435891e+02
1.947887e+02	1.434174e+02
1.945934e+02	1.432709e+02
1.943930e+02	1.430989e+02
1.941977e+02	1.429262e+02
1.940000e+02	1.427886e+02
1.937905e+02	1.426092e+02
1.935928e+02	1.424780e+02
1.933840e+02	1.423190e+02
1.931888e+02	1.421606e+02
1.929851e+02	1.420342e+02
1.927783e+02	1.418378e+02
1.924903e+02	1.415960e+02
1.922970e+02	1.414888e+02
1.920920e+02	1.413260e+02
1.919022e+02	1.411800e+02
1.916989e+02	1.410085e+02
1.914880e+02	1.408551e+02
1.911828e+02	1.406134e+02
1.908927e+02	1.403966e+02
1.906972e+02	1.402450e+02
1.904921e+02	1.400745e+02
1.902783e+02	1.399160e+02
1.899960e+02	1.396748e+02
1.897905e+02	1.395499e+02
1.895910e+02	1.393808e+02
1.893895e+02	1.392338e+02
1.891887e+02	1.390822e+02
1.889945e+02	1.388926e+02
1.887913e+02	1.387645e+02
1.886064e+02	1.385872e+02
1.883998e+02	1.384109e+02
1.882021e+02	1.382845e+02
1.879909e+02	1.381321e+02
1.877915e+02	1.379696e+02
1.875835e+02	1.378279e+02
1.873911e+02	1.376860e+02
1.871944e+02	1.375187e+02
1.870015e+02	1.373885e+02
1.867808e+02	1.372422e+02
1.864882e+02	1.369913e+02
1.862922e+02	1.368242e+02
1.860931e+02	1.366682e+02
1.858946e+02	1.365327e+02
1.856941e+02	1.363684e+02
1.855010e+02	1.362150e+02
1.852827e+02	1.360588e+02
1.850826e+02	1.358922e+02
1.847896e+02	1.356787e+02
1.845968e+02	1.355332e+02
1.843902e+02	1.353549e+02
1.841912e+02	1.352158e+02
1.839992e+02	1.350703e+02
1.837885e+02	1.349009e+02
1.835974e+02	1.347391e+02
1.833933e+02	1.346015e+02
1.831901e+02	1.344734e+02
1.830008e+02	1.343108e+02
1.827841e+02	1.341526e+02
1.824967e+02	1.339170e+02
1.823014e+02	1.337521e+02
1.820876e+02	1.336191e+02
1.818880e+02	1.334581e+02
1.815957e+02	1.332207e+02
1.813989e+02	1.330823e+02
1.811800e+02	1.329086e+02
1.808931e+02	1.326446e+02
1.806942e+02	1.325565e+02
1.804996e+02	1.323860e+02
1.802855e+02	1.322273e+02
1.800851e+02	1.320844e+02
1.798949e+02	1.319292e+02
1.796977e+02	1.317973e+02
1.794821e+02	1.316248e+02
1.792858e+02	1.314839e+02
1.791014e+02	1.313392e+02
1.789034e+02	1.312021e+02
1.786891e+02	1.310398e+02
1.784850e+02	1.308699e+02
1.782807e+02	1.307074e+02
1.779865e+02	1.305051e+02
1.777884e+02	1.303390e+02
1.775870e+02	1.301713e+02
1.773862e+02	1.300256e+02
1.770915e+02	1.298213e+02
1.768950e+02	1.296437e+02
1.766952e+02	1.295227e+02
1.764923e+02	1.293813e+02
1.762980e+02	1.292017e+02
1.760944e+02	1.290913e+02
1.758954e+02	1.289301e+02
1.756993e+02	1.287843e+02
1.754970e+02	1.285940e+02
1.753026e+02	1.284796e+02
1.750851e+02	1.283146e+02
1.747901e+02	1.280674e+02
1.745910e+02	1.279393e+02
1.743933e+02	1.278083e+02
1.741958e+02	1.276246e+02
1.740004e+02	1.274863e+02
1.738001e+02	1.273248e+02
1.735876e+02	1.271612e+02
1.733867e+02	1.270315e+02
1.730938e+02	1.267890e+02
1.728804e+02	1.266562e+02
1.725885e+02	1.264455e+02
1.723973e+02	1.262695e+02
1.721980e+02	1.261426e+02
1.719967e+02	1.259676e+02
1.717830e+02	1.258305e+02
1.714906e+02	1.256384e+02
1.712868e+02	1.254856e+02
1.710896e+02	1.253029e+02
1.708907e+02	1.251618e+02
1.706928e+02	1.250160e+02
1.704899e+02	1.248583e+02
1.702923e+02	1.247024e+02
1.701020e+02	1.245470e+02
1.698860e+02	1.244041e+02
1.696873e+02	1.242683e+02
1.694914e+02	1.241116e+02
1.692978e+02	1.239503e+02
1.690848e+02	1.238224e+02
1.688973e+02	1.236770e+02
1.686832e+02	1.235162e+02
1.684851e+02	1.233593e+02
1.682804e+02	1.232112e+02
1.679890e+02	1.230112e+02
1.677806e+02	1.228426e+02
1.674861e+02	1.226408e+02
1.672930e+02	1.224887e+02
1.670887e+02	1.223193e+02
1.668903e+02	1.221621e+02
1.666896e+02	1.220260e+02
1.664978e+02	1.218790e+02
1.662921e+02	1.217348e+02
1.660988e+02	1.215975e+02
1.658948e+02	1.214620e+02
1.656963e+02	1.212859e+02
1.655017e+02	1.211456e+02
1.652873e+02	1.209800e+02
1.650929e+02	1.208472e+02
1.649001e+02	1.206877e+02
1.646932e+02	1.205629e+02
1.644902e+02	1.204279e+02
1.642908e+02	1.202516e+02
1.640914e+02	1.201015e+02
1.638848e+02	1.199764e+02
1.635948e+02	1.197349e+02
1.633970e+02	1.195879e+02
1.631961e+02	1.194404e+02
1.630051e+02	1.193436e+02
1.627902e+02	1.191471e+02
1.626028e+02	1.189943e+02
1.623842e+02	1.188488e+02
1.620939e+02	1.186394e+02
1.618962e+02	1.185120e+02
1.616900e+02	1.183224e+02
1.614952e+02	1.181831e+02
1.612995e+02	1.180610e+02
1.610900e+02	1.178858e+02
1.608893e+02	1.177604e+02
1.606839e+02	1.176042e+02
1.603943e+02	1.173948e+02
1.601953e+02	1.172262e+02
1.600016e+02	1.171204e+02
1.597944e+02	1.169350e+02
1.595989e+02	1.168099e+02
1.593890e+02	1.166743e+02
1.591865e+02	1.165204e+02
1.589912e+02	1.163905e+02
1.587877e+02	1.162280e+02
1.585999e+02	1.160736e+02
1.583852e+02	1.159324e+02
1.581899e+02	1.157987e+02
1.578994e+02	1.155630e+02
1.576832e+02	1.154407e+02
1.574965e+02	1.152744e+02
1.572988e+02	1.151452e+02
1.570788e+02	1.149717e+02
1.567853e+02	1.147880e+02
1.565005e+02	1.145516e+02
1.562909e+02	1.144176e+02
1.560967e+02	1.142418e+02
1.558946e+02	1.141266e+02
1.556812e+02	1.139625e+02
1.554830e+02	1.138171e+02
1.551882e+02	1.136153e+02
1.549974e+02	1.134665e+02
1.548003e+02	1.133055e+02
1.545988e+02	1.131875e+02
1.544005e+02	1.130235e+02
1.541981e+02	1.129022e+02
1.539893e+02	1.127353e+02
1.537878e+02	1.125830e+02
1.535860e+02	1.124556e+02
1.533885e+02	1.122953e+02
1.531844e+02	1.121595e+02
1.528909e+02	1.119639e+02
1.526820e+02	1.118000e+02
1.523921e+02	1.116013e+02
1.521934e+02	1.114373e+02
1.519948e+02	1.112910e+02
1.517947e+02	1.111511e+02
1.515991e+02	1.110052e+02
1.513848e+02	1.108531e+02
1.511827e+02	1.106806e+02
1.508873e+02	1.104849e+02
1.506914e+02	1.103303e+02
1.504992e+02	1.102174e+02
1.502963e+02	1.100312e+02
1.500953e+02	1.099012e+02
1.498983e+02	1.097772e+02
1.497039e+02	1.096179e+02
1.494867e+02	1.094480e+02
1.492913e+02	1.093423e+02
1.490997e+02	1.092080e+02
1.488962e+02	1.090814e+02
1.486956e+02	1.088964e+02
1.484949e+02	1.087622e+02
1.483012e+02	1.086383e+02
1.480938e+02	1.084763e+02
1.478971e+02	1.083270e+02
1.477027e+02	1.081724e+02
1.474877e+02	1.080412e+02
1.472884e+02	1.079173e+02
1.470935e+02	1.077469e+02
1.468898e+02	1.076503e+02
1.466976e+02	1.074751e+02
1.464973e+02	1.073444e+02
1.462998e+02	1.071974e+02
1.460922e+02	1.070595e+02
1.458901e+02	1.069204e+02
1.456849e+02	1.067951e+02
1.454965e+02	1.066055e+02
1.452995e+02	1.064733e+02
1.450828e+02	1.063398e+02
1.448874e+02	1.062043e+02
1.446940e+02	1.060588e+02
1.444977e+02	1.059082e+02
1.443008e+02	1.057778e+02
1.441018e+02	1.056680e+02
1.439006e+02	1.054907e+02
1.436865e+02	1.053587e+02
1.434924e+02	1.052491e+02
1.432953e+02	1.050835e+02
1.430893e+02	1.049401e+02
1.428947e+02	1.048051e+02
1.426936e+02	1.046451e+02
1.424947e+02	1.044917e+02
1.422978e+02	1.043689e+02
1.421003e+02	1.042441e+02
1.418885e+02	1.040843e+02
1.416908e+02	1.039557e+02
1.414871e+02	1.038245e+02
1.412924e+02	1.036731e+02
1.410925e+02	1.035103e+02
1.409032e+02	1.033682e+02
1.406921e+02	1.032640e+02
1.404994e+02	1.031004e+02
1.402808e+02	1.029480e+02
1.400050e+02	1.027623e+02
1.397942e+02	1.026102e+02
1.395884e+02	1.024882e+02
1.393910e+02	1.023282e+02
1.391990e+02	1.021807e+02
1.389977e+02	1.020462e+02
1.387806e+02	1.019177e+02
1.385918e+02	1.017509e+02
1.383988e+02	1.016273e+02
1.381911e+02	1.014887e+02
1.380078e+02	1.013468e+02
1.378038e+02	1.012337e+02
1.375793e+02	1.010762e+02
1.372842e+02	1.008561e+02
1.369999e+02	1.006475e+02
1.367925e+02	1.005109e+02
1.365884e+02	1.003545e+02
1.363978e+02	1.002340e+02
1.361831e+02	1.001020e+02
1.359881e+02	9.994913e+01
1.356988e+02	9.977258e+01
1.354839e+02	9.960647e+01
1.351929e+02	9.941844e+01
1.349929e+02	9.923246e+01
1.347951e+02	9.914762e+01
1.345928e+02	9.897922e+01
1.343970e+02	9.883349e+01
1.341766e+02	9.868318e+01
1.338856e+02	9.846815e+01
1.336898e+02	9.833745e+01
1.334861e+02	9.819376e+01
1.331882e+02	9.796931e+01
1.329863e+02	9.787683e+01
1.327887e+02	9.774868e+01
1.325849e+02	9.760295e+01
1.322946e+02	9.740397e+01
1.320906e+02	9.724754e+01
1.319038e+02	9.709391e+01
1.316824e+02	9.695073e+01
1.313904e+02	9.674131e+01
1.311932e+02	9.662234e+01
1.309945e+02	9.647457e+01
1.307824e+02	9.632527e+01
1.304827e+02	9.612986e+01
1.301917e+02	9.594668e+01
1.299939e+02	9.576121e+01
1.297924e+02	9.566541e+01
1.295883e+02	9.551408e+01
1.293864e+02	9.534695e+01
1.291958e+02	9.525269e+01
1.289932e+02	9.509371e+01
1.287977e+02	9.497575e+01
1.285977e+02	9.481550e+01
1.283911e+02	9.467410e+01
1.281917e+02	9.452837e+01
1.279974e+02	9.440863e+01
1.277990e+02	9.424711e+01
1.275773e+02	9.410444e+01
1.272965e+02	9.393960e+01
1.270979e+02	9.378878e+01
1.268927e+02	9.366954e+01
1.266901e+02	9.352025e+01
1.264882e+02	9.337707e+01
1.262933e+02	9.322293e+01
1.260957e+02	9.312281e+01
1.258895e+02	9.297071e+01
1.257017e+02	9.283873e+01
1.254945e+02	9.266090e+01
1.252891e+02	9.256663e+01
1.250970e+02	9.241479e+01
1.248930e+02	9.228715e+01
1.246901e+02	9.213989e+01
1.244911e+02	9.201888e+01
1.242961e+02	9.187442e+01
1.240982e+02	9.174678e+01
1.238803e+02	9.156055e+01
1.235832e+02	9.136234e+01
1.232888e+02	9.118374e+01
1.230930e+02	9.104082e+01
1.228865e+02	9.092388e+01
1.226889e+02	9.079369e+01
1.224958e+02	9.066834e+01
1.223007e+02	9.052185e+01
1.220846e+02	9.036389e+01
1.217916e+02	9.016976e+01
1.215903e+02	9.001842e+01
1.213882e+02	8.990403e+01
1.210829e+02	8.967474e+01
1.207911e+02	8.949971e+01
1.205900e+02	8.936391e+01
1.203959e+02	8.923500e+01
1.201960e+02	8.909870e+01
1.200005e+02	8.897157e+01
1.197845e+02	8.882100e+01
1.195868e+02	8.869209e+01
1.193993e+02	8.854381e+01
1.192057e+02	8.842611e+01
1.189846e+02	8.826687e+01
1.187815e+02	8.811401e+01
1.184922e+02	8.794025e+01
1.182982e+02	8.785261e+01
1.180979e+02	8.768905e+01
1.178999e+02	8.753695e+01
1.176852e+02	8.739275e+01
1.174877e+02	8.724702e+01
1.172875e+02	8.711098e+01
1.170835e+02	8.699608e+01
1.168887e+02	8.686793e+01
1.166937e+02	8.673825e+01
1.164967e+02	8.660602e+01
1.162900e+02	8.647405e+01
1.160830e+02	8.631176e+01
1.158027e+02	8.615813e+01
1.155849e+02	8.597954e+01
1.152858e+02	8.578005e+01
1.150938e+02	8.566235e+01
1.148931e+02	8.553216e+01
1.146903e+02	8.536045e+01
1.144981e+02	8.529548e+01
1.142768e+02	8.512402e+01
1.139991e+02	8.491740e+01
1.137840e+02	8.481498e+01
1.134937e+02	8.459639e+01
1.132932e+02	8.447614e+01
1.130841e+02	8.430392e+01
1.128927e+02	8.419436e+01
1.126933e+02	8.406698e+01
1.124751e+02	8.392711e+01
1.121846e+02	8.373195e+01
1.119884e+02	8.360635e+01
1.117980e+02	8.345680e+01
1.115843e+02	8.333502e+01
1.113864e+02	8.319821e+01
1.111936e+02	8.306725e+01
1.109904e+02	8.290445e+01
1.107937e+02	8.280458e+01
1.105769e+02	8.266548e+01
1.102839e+02	8.245962e+01
1.100865e+02	8.235007e+01
1.097999e+02	8.214473e+01
1.095863e+02	8.201301e+01
1.092883e+02	8.182703e+01
1.090928e+02	8.167926e+01
1.088898e+02	8.156793e+01
1.086950e+02	8.141023e+01
1.084936e+02	8.129940e+01
1.082982e+02	8.114552e+01
1.080949e+02	8.103750e+01
1.078980e+02	8.089151e+01
1.076967e+02	8.078731e+01
1.074835e+02	8.064260e+01
1.072902e+02	8.048312e+01
1.070882e+02	8.036134e+01
1.068865e+02	8.024516e+01
1.066920e+02	8.008670e+01
1.064997e+02	7.993613e+01
1.063045e+02	7.977307e+01
1.060910e+02	7.963167e+01
1.058974e+02	7.952186e+01
1.056978e+02	7.938989e+01
1.054816e+02	7.923397e+01
1.052845e+02	7.911499e+01
1.050945e+02	7.899448e+01
1.048936e+02	7.884850e+01
1.046969e+02	7.871526e+01
1.044894e+02	7.859195e+01
1.042952e+02	7.847272e+01
1.040958e+02	7.833336e+01
1.038964e+02	7.821642e+01
1.036997e+02	7.807400e+01
1.035014e+02	7.795171e+01
1.032790e+02	7.780547e+01
1.029960e+02	7.763656e+01
1.027959e+02	7.751554e+01
1.025936e+02	7.738332e+01
1.023899e+02	7.725262e+01
1.021911e+02	7.708651e+01
1.019903e+02	7.696499e+01
1.017928e+02	7.681391e+01
1.015923e+02	7.669289e+01
1.013939e+02	7.657722e+01
1.011799e+02	7.644449e+01
1.008829e+02	7.623940e+01
1.005910e+02	7.604577e+01
1.003907e+02	7.593698e+01
1.001959e+02	7.580068e+01
9.999950e+01	7.564604e+01
9.978685e+01	7.549827e+01
9.957440e+01	7.538184e+01
9.929755e+01	7.522643e+01
9.907625e+01	7.503892e+01
9.879650e+01	7.486517e+01
9.858830e+01	7.472810e+01
9.829750e+01	7.455587e+01
9.809635e+01	7.441040e+01
9.789215e+01	7.428199e+01
9.769340e+01	7.414467e+01
9.749280e+01	7.404607e+01
9.727875e+01	7.391818e+01
9.698095e+01	7.368226e+01
9.668790e+01	7.348736e+01
9.638700e+01	7.328431e+01
9.608990e+01	7.312406e+01
9.589400e+01	7.299616e+01
9.568795e+01	7.284407e+01
9.548495e+01	7.272509e+01
9.528155e+01	7.258522e+01
9.498190e+01	7.241580e+01
9.469060e+01	7.223032e+01
9.449550e+01	7.208154e+01
9.428125e+01	7.193403e+01
9.398825e+01	7.176511e+01
9.379115e+01	7.163977e+01
9.358365e+01	7.152104e+01
9.329080e+01	7.131111e+01
9.308110e+01	7.120080e+01
9.279895e+01	7.098017e+01
9.258510e+01	7.085380e+01
9.229655e+01	7.066323e+01
9.208160e+01	7.052999e+01
9.178740e+01	7.035139e+01
9.158660e+01	7.021254e+01
9.128335e+01	7.001840e+01
9.097990e+01	6.981535e+01
9.067255e+01	6.963981e+01
9.039785e+01	6.943345e+01
9.018180e+01	6.931804e+01
8.988040e+01	6.911881e+01
8.958190e+01	6.892008e+01
8.929520e+01	6.872315e+01
8.907275e+01	6.862073e+01
8.879150e+01	6.841360e+01
8.859300e+01	6.830889e+01
8.839620e+01	6.817845e+01
8.818820e+01	6.803399e+01
8.798675e+01	6.789081e+01
8.777620e+01	6.777897e+01
8.748640e+01	6.758407e+01
8.717690e+01	6.740701e+01
8.689770e+01	6.723962e+01
8.668575e+01	6.708651e+01
8.648690e+01	6.697695e+01
8.628850e+01	6.683657e+01
8.609200e+01	6.673848e+01
8.588220e+01	6.657594e+01
8.559970e+01	6.636626e+01
8.539915e+01	6.624270e+01
8.519010e+01	6.611557e+01
8.498790e+01	6.600398e+01
8.478140e+01	6.588602e+01
8.449605e+01	6.569393e+01
8.429220e+01	6.556654e+01
8.408135e+01	6.542896e+01
8.378190e+01	6.523228e+01
8.349130e+01	6.506922e+01
8.327215e+01	6.490566e+01
8.298470e+01	6.469216e+01
8.268020e+01	6.451739e+01
8.238770e+01	6.432096e+01
8.218600e+01	6.421600e+01
8.198570e+01	6.406441e+01
8.180355e+01	6.396964e+01
8.159585e+01	6.381346e+01
8.139390e+01	6.370748e+01
8.118800e+01	6.358926e+01
8.098645e+01	6.343971e+01
8.077910e+01	6.330850e+01
8.048260e+01	6.314137e+01
8.017185e+01	6.294673e+01
7.989910e+01	6.277068e+01
7.968800e+01	6.264457e+01
7.949600e+01	6.250165e+01
7.928090e+01	6.235490e+01
7.907780e+01	6.225376e+01
7.878730e+01	6.204586e+01
7.858925e+01	6.192485e+01
7.838580e+01	6.181224e+01
7.808890e+01	6.161989e+01
7.788605e+01	6.147136e+01
7.759870e+01	6.128843e+01
7.738170e+01	6.115417e+01
7.709130e+01	6.098168e+01
7.688865e+01	6.085455e+01
7.668990e+01	6.071239e+01
7.649345e+01	6.056335e+01
7.629495e+01	6.048437e+01
7.610070e+01	6.036692e+01
7.590160e+01	6.023469e+01
7.569080e+01	6.008387e+01
7.549565e+01	5.995088e+01
7.529450e+01	5.981152e+01
7.509680e+01	5.971496e+01
7.490430e+01	5.956439e+01
7.470320e+01	5.946325e+01
7.450060e+01	5.931650e+01
7.428635e+01	5.917740e+01
7.408805e+01	5.905740e+01
7.389190e+01	5.894275e+01
7.368245e+01	5.876620e+01
7.348375e+01	5.865639e+01
7.328450e+01	5.855015e+01
7.299410e+01	5.836239e+01
7.278865e+01	5.823347e+01
7.258695e+01	5.807424e+01
7.228870e+01	5.792393e+01
7.210125e+01	5.780546e+01
7.188425e+01	5.764674e+01
7.158825e+01	5.746712e+01
7.139530e+01	5.732343e+01
7.118550e+01	5.721286e+01
7.099575e+01	5.710815e+01
7.080110e+01	5.698178e+01
7.059870e+01	5.683860e+01
7.039575e+01	5.674357e+01
7.019325e+01	5.660701e+01
6.999835e+01	5.648498e+01
6.979640e+01	5.634612e+01
6.959425e+01	5.621721e+01
6.939360e+01	5.607556e+01
6.917985e+01	5.594894e+01
6.888695e+01	5.577468e+01
6.859350e+01	5.558105e+01
6.839025e+01	5.542615e+01
6.818405e+01	5.533545e+01
6.788565e+01	5.511380e+01
6.759425e+01	5.495941e+01
6.739355e+01	5.482795e+01
6.719260e+01	5.470566e+01
6.698725e+01	5.456758e+01
6.678910e+01	5.446516e+01
6.658740e+01	5.432376e+01
6.638710e+01	5.417701e+01
6.619585e+01	5.406975e+01
6.597850e+01	5.391664e+01
6.568280e+01	5.377651e+01
6.538970e+01	5.358747e+01
6.518350e+01	5.341958e+01
6.489385e+01	5.323589e+01
6.469080e+01	5.311665e+01
6.448845e+01	5.296965e+01
6.427895e+01	5.285628e+01
6.398005e+01	5.265399e+01
6.378025e+01	5.255132e+01
6.348915e+01	5.236814e+01
6.328020e+01	5.224024e+01
6.298685e+01	5.204866e+01
6.277950e+01	5.191617e+01
6.249050e+01	5.171389e+01
6.228755e+01	5.163414e+01
6.199170e+01	5.140154e+01
6.179235e+01	5.127746e+01
6.158035e+01	5.113123e+01
6.138330e+01	5.104792e+01
6.109200e+01	5.082626e+01
6.088925e+01	5.071213e+01
6.070105e+01	5.059264e+01
6.047780e+01	5.046576e+01
6.017915e+01	5.027010e+01
5.989005e+01	5.006450e+01
5.968935e+01	5.000055e+01
5.948840e+01	4.983826e+01
5.918755e+01	4.969024e+01
5.899290e+01	4.953916e+01
5.879695e+01	4.939598e+01
5.859830e+01	4.929840e+01
5.839135e+01	4.916745e+01
5.819295e+01	4.902045e+01
5.798505e+01	4.886886e+01
5.768120e+01	4.869689e+01
5.738530e+01	4.849893e+01
5.709305e+01	4.830658e+01
5.689820e+01	4.821537e+01
5.668640e+01	4.807448e+01
5.649140e+01	4.792825e+01
5.629655e+01	4.784876e+01
5.609340e+01	4.772851e+01
5.589000e+01	4.757972e+01
5.569595e+01	4.746686e+01
5.549405e+01	4.732520e+01
5.530395e+01	4.720266e+01
5.507140e+01	4.706712e+01
5.479650e+01	4.689184e+01
5.459395e+01	4.675503e+01
5.439245e+01	4.664038e+01
5.419105e+01	4.650790e+01
5.399175e+01	4.635453e+01
5.379715e+01	4.627478e+01
5.359165e+01	4.609975e+01
5.339070e+01	4.603886e+01
5.318655e+01	4.586078e+01
5.298855e+01	4.576601e+01
5.278020e+01	4.562996e+01
5.248300e+01	4.545060e+01
5.218625e+01	4.524679e+01
5.189100e+01	4.507711e+01
5.168760e+01	4.491864e+01
5.149105e+01	4.482565e+01
5.129395e+01	4.470005e+01
5.110075e+01	4.455865e+01
5.088850e+01	4.440451e+01
5.067880e+01	4.428044e+01
5.040415e+01	4.415993e+01
5.019635e+01	4.404579e+01
4.999275e+01	4.385803e+01
4.979005e+01	4.373217e+01
4.959405e+01	4.362721e+01
4.938475e+01	4.347383e+01
4.919420e+01	4.339409e+01
4.899295e+01	4.322569e+01
4.879005e+01	4.312964e+01
4.858740e+01	4.298748e+01
4.838915e+01	4.285907e+01
4.818990e+01	4.272022e+01
4.799590e+01	4.263666e+01
4.779135e+01	4.247411e+01
4.759005e+01	4.235947e+01
4.739145e+01	4.223030e+01
4.718405e+01	4.211795e+01
4.688750e+01	4.192432e+01
4.658240e+01	4.174037e+01
4.637860e+01	4.160840e+01
4.609840e+01	4.141044e+01
4.590255e+01	4.132408e+01
4.568395e+01	4.118319e+01
4.538665e+01	4.098294e+01
4.508195e+01	4.077632e+01
4.478495e+01	4.062091e+01
4.449035e+01	4.042831e+01
4.429555e+01	4.030831e+01
4.409255e+01	4.019952e+01
4.389320e+01	4.004233e+01
4.369050e+01	3.994067e+01
4.349425e+01	3.981813e+01
4.329550e+01	3.969533e+01
4.309635e+01	3.956310e+01
4.289340e+01	3.939928e+01
4.269670e+01	3.930018e+01
4.247135e+01	3.916795e+01
4.220395e+01	3.898070e+01
4.199030e+01	3.888567e+01
4.178255e+01	3.872414e+01
4.149575e+01	3.853867e+01
4.129575e+01	3.843141e+01
4.109265e+01	3.831829e+01
4.089650e+01	3.817817e+01
4.069050e+01	3.803804e+01
4.049640e+01	3.793563e+01
4.027995e+01	3.779958e+01
3.998950e+01	3.758965e+01
3.979250e+01	3.746150e+01
3.960420e+01	3.737055e+01
3.940120e+01	3.723068e+01
3.919000e+01	3.711603e+01
3.900185e+01	3.698406e+01
3.879030e+01	3.687069e+01
3.858670e+01	3.672088e+01
3.828840e+01	3.655655e+01
3.808775e+01	3.642076e+01
3.778005e+01	3.622841e+01
3.750925e+01	3.604574e+01
3.728575e+01	3.587937e+01
3.708625e+01	3.578358e+01
3.688575e+01	3.563123e+01
3.658755e+01	3.543837e+01
3.629405e+01	3.523863e+01
3.609305e+01	3.508907e+01
3.588985e+01	3.494334e+01
3.568230e+01	3.481188e+01
3.539035e+01	3.463456e+01
3.518435e+01	3.451100e+01
3.488620e+01	3.431100e+01
3.468540e+01	3.418030e+01
3.448855e+01	3.407330e+01
3.429055e+01	3.393063e+01
3.409295e+01	3.380809e+01
3.388950e+01	3.368299e+01
3.368820e+01	3.355459e+01
3.348700e+01	3.342032e+01
3.328410e+01	3.332631e+01
3.298920e+01	3.311001e+01
3.279275e+01	3.300403e+01
3.259210e+01	3.287078e+01
3.239575e+01	3.276403e+01
3.218415e+01	3.259537e+01
3.189250e+01	3.243793e+01
3.169575e+01	3.233525e+01
3.149635e+01	3.217373e+01
3.130295e+01	3.203182e+01
3.107925e+01	3.190062e+01
3.080145e+01	3.171412e+01
3.060160e+01	3.159005e+01
3.038630e+01	3.144407e+01
3.018700e+01	3.133528e+01
2.989310e+01	3.116764e+01
2.968775e+01	3.106268e+01
2.948360e+01	3.089198e+01
2.918450e+01	3.071823e+01
2.888625e+01	3.052078e+01
2.868320e+01	3.038447e+01
2.838545e+01	3.022932e+01
2.809360e+01	3.001072e+01
2.789385e+01	2.989022e+01
2.768960e+01	2.976716e+01
2.748715e+01	2.960615e+01
2.728810e+01	2.951927e+01
2.709135e+01	2.937584e+01
2.689055e+01	2.925202e+01
2.668200e+01	2.911444e+01
2.637925e+01	2.889942e+01
2.608100e+01	2.875063e+01
2.578600e+01	2.855064e+01
2.559285e+01	2.839038e+01
2.539030e+01	2.830223e+01
2.518970e+01	2.815243e+01
2.498335e+01	2.803447e+01
2.478810e+01	2.790326e+01
2.447060e+01	2.771116e+01
2.418710e+01	2.748009e+01
2.399860e+01	2.737385e+01
2.379660e+01	2.723780e+01
2.359245e+01	2.703067e+01
2.339745e+01	2.681412e+01
2.319215e+01	2.661234e+01
2.299625e+01	2.629439e+01
2.279295e+01	2.596548e+01
2.259040e+01	2.558408e+01
2.239315e+01	2.520422e+01
2.219380e+01	2.475226e+01
2.199385e+01	2.427711e+01
2.179385e+01	2.378387e+01
2.158120e+01	2.316274e+01
2.129035e+01	2.231461e+01
2.109355e+01	2.172736e+01
2.089835e+01	2.107566e+01
2.068990e+01	2.040026e+01
2.049405e+01	1.971315e+01
2.029465e+01	1.897507e+01
2.009540e+01	1.819293e+01
1.988950e+01	1.736849e+01
1.969225e+01	1.616521e+01
1.949790e+01	1.487581e+01
1.929355e+01	1.377367e+01
1.909630e+01	1.275535e+01
1.889705e+01	1.183640e+01
1.869735e+01	1.060382e+01
1.848765e+01	8.796471e+00
1.828525e+01	7.082628e+00
1.808480e+01	5.212101e+00
1.779705e+01	2.233321e+00
1.760260e+01	9.380661e-01
1.739420e+01	3.770608e-01
1.719635e+01	1.841993e-01
1.699325e+01	1.184684e-01
1.679390e+01	5.936160e-02
1.659460e+01	4.076333e-02
1.639485e+01	3.974425e-02
1.619355e+01	3.566791e-02
1.599660e+01	1.401239e-02
1.579315e+01	2.038166e-03
1.559580e+01	-4.534920e-02
1.539970e+01	2.878910e-02
1.518695e+01	3.034132e-10
1.489000e+01	6.369270e-03
1.467105e+01	9.426520e-03
1.438970e+01	2.267460e-02
1.407795e+01	-5.350187e-03
1.379420e+01	8.662207e-03
1.357430e+01	1.477671e-02
1.326775e+01	-1.273853e-03
1.298780e+01	3.261066e-02
1.268660e+01	-1.019083e-02
1.248920e+01	1.375762e-02
1.217670e+01	-8.916978e-03
1.188140e+01	1.248377e-02
1.158400e+01	-2.827956e-02
1.127405e+01	2.038166e-03
1.099025e+01	2.292938e-03
1.067780e+01	3.312020e-03
1.037380e+01	2.165552e-02
1.009730e+01	7.388353e-03
9.899500e+00	4.203718e-02
9.688450e+00	1.197423e-02
9.414150e+00	2.292938e-03
9.166400e+00	-4.840644e-03
8.911700e+00	1.681487e-02
8.684950e+00	-1.808873e-02
8.404050e+00	3.821562e-03
8.191000e+00	7.897894e-03
7.889000e+00	1.783396e-02
7.580100e+00	9.426519e-03
7.291750e+00	5.350187e-03
7.087250e+00	1.732441e-02
6.790950e+00	8.407437e-03
6.567450e+00	2.063643e-02
6.269550e+00	2.038166e-02
5.974300e+00	1.783396e-02
5.685200e+00	-2.292937e-03
5.496350e+00	6.878812e-03
5.298600e+00	7.897895e-03
5.100750e+00	1.324808e-02
4.900550e+00	1.885304e-02
4.687550e+00	7.643124e-03
4.470350e+00	1.401239e-02
4.179700e+00	1.197423e-02
3.983350e+00	1.987212e-02
3.776350e+00	2.292937e-03
3.481500e+00	1.885304e-02
3.289700e+00	-2.369368e-02
3.094800e+00	-2.318414e-02
2.899150e+00	-9.936062e-03
2.699500e+00	2.420323e-02
2.499850e+00	1.936258e-02
2.302900e+00	-5.350187e-03
2.107150e+00	-4.076332e-03
2.017800e+00	9.102395e-10
